1   .99986651129428869208
2   1.99801539415969014541
3   2.97347129510046185534
4   3.92625330296082075674
5   4.79296094894091850645
6   5.63960466468707401530
7   6.50916024974674408904
8   7.31478529376203275700
9   8.16067370727850399795
10   8.84896599833479601251
11   8.72255093654932396987
12   9.63642066673854870171
13   7.82520411757331417689
14   8.39994446165183863973
15   8.53591150626888479838
16   8.83864340797781119285
17   9.12850714341261173007
18   9.53753392496367997632
19   9.60624196913215327415
20   10.00947394410831146418
21   10.13239337182846733195
22   10.40151616346104250785
23   10.43976165097451513176
24   10.80725321959182776076
