1   1.19576237517075183614
2   1.99669306810355305270
3   3.56561491087658373802
4   4.61603701272897941587
5   5.68993970222082247087
6   6.67168502306784983750
7   7.96644848893997002482
8   8.92072375425894378194
9   9.79151662651799240072
10   10.42829982310082319572
11   9.29041902472898742967
12   12.35930763869169011539
13   9.55384937739463601532
14   10.22634689792381208119
15   10.32599401947598778013
16   9.67569756313038356769
17   11.24108200031529552246
18   12.08039629514147347248
19   11.73932804281918666664
20   12.04537857712794634577
21   12.36699256985023460232
22   12.47763764136454600456
23   12.80431543354920052725
24   13.61189692392361696380
