1   1.00845633907434030295
2   1.64962161353278251400
3   2.93733978386696026520
4   3.87327465440594147762
5   4.67951742636414065565
6   5.60757129054338535526
7   6.35484521082872509440
8   7.45192974518287501801
9   7.62785783549867088638
10   9.36178977320787529985
11   9.86755905680294428119
12   9.86386548929996114262
13   7.99790870719226958744
14   8.67108273268567847069
15   8.77776517641945709647
16   9.34201885661711951246
17   9.63162699383086170391
18   9.90097034746257761572
19   10.13128469886080178683
20   10.53891662484847850037
21   10.83463042256719901166
22   10.69117341640706126687
23   11.08226560340925931117
24   11.29684747305868399403
