0.000000 -0.000000
0.000001 -0.013296
0.000694 -0.022361
0.001483 -0.030308
0.002329 -0.037606
0.003214 -0.044457
0.004131 -0.050971
0.005074 -0.057218
0.006039 -0.063246
0.007023 -0.069087
0.008026 -0.074767
0.009044 -0.080308
0.010076 -0.085723
0.011123 -0.091027
0.012181 -0.096230
0.013252 -0.101340
0.014334 -0.106366
0.015426 -0.111314
0.016528 -0.116190
0.017640 -0.120998
0.018761 -0.125743
0.019891 -0.130430
0.021030 -0.135061
0.022176 -0.139640
0.023331 -0.144169
0.024493 -0.148651
0.025662 -0.153088
0.026839 -0.157484
0.028023 -0.161838
0.029213 -0.166154
0.030410 -0.170433
0.031614 -0.174676
0.032824 -0.178885
0.034040 -0.183062
0.035262 -0.187207
0.036490 -0.191321
0.037724 -0.195407
0.038963 -0.199464
0.040208 -0.203493
0.041459 -0.207497
0.042715 -0.211474
0.043976 -0.215427
0.045242 -0.219356
0.046514 -0.223262
0.047790 -0.227144
0.049072 -0.231005
0.050358 -0.234845
0.051650 -0.238663
0.052946 -0.242462
0.054246 -0.246241
0.055552 -0.250000
0.056861 -0.253741
0.058176 -0.257463
0.059495 -0.261168
0.060818 -0.264855
0.062145 -0.268525
0.063477 -0.272178
0.064814 -0.275815
0.066154 -0.279437
0.067499 -0.283042
0.068847 -0.286633
0.070200 -0.290208
0.071557 -0.293769
0.072918 -0.297316
0.074283 -0.300848
0.075652 -0.304367
0.077024 -0.307872
0.078401 -0.311364
0.079781 -0.314843
0.081166 -0.318309
0.082554 -0.321763
0.083946 -0.325204
0.085341 -0.328634
0.086740 -0.332051
0.088143 -0.335457
0.089550 -0.338851
0.090960 -0.342234
0.092374 -0.345605
0.093791 -0.348966
0.095212 -0.352316
0.096636 -0.355656
0.098064 -0.358985
0.099496 -0.362304
0.100931 -0.365613
0.102369 -0.368911
0.103811 -0.372200
0.105256 -0.375480
0.106704 -0.378749
0.108156 -0.382010
0.109611 -0.385261
0.111070 -0.388503
0.112531 -0.391736
0.113997 -0.394960
0.115465 -0.398176
0.116937 -0.401382
0.118411 -0.404581
0.119890 -0.407771
0.121371 -0.410952
0.122855 -0.414126
0.124343 -0.417291
0.125834 -0.420448
0.127328 -0.423598
0.128825 -0.426739
0.130325 -0.429873
0.131829 -0.433000
0.133335 -0.436118
0.134845 -0.439230
0.136357 -0.442334
0.137873 -0.445431
0.139392 -0.448521
0.140914 -0.451603
0.142439 -0.454679
0.143966 -0.457748
0.145497 -0.460809
0.147031 -0.463865
0.148568 -0.466913
0.150108 -0.469955
0.151651 -0.472990
0.153196 -0.476019
0.154745 -0.479041
0.156297 -0.482057
0.157851 -0.485067
0.159409 -0.488070
0.160969 -0.491068
0.162533 -0.494059
0.164099 -0.497044
0.165668 -0.500023
0.167240 -0.502997
0.168815 -0.505964
0.170393 -0.508926
0.171973 -0.511882
0.173557 -0.514833
0.175143 -0.517777
0.176732 -0.520716
0.178324 -0.523650
0.179919 -0.526578
0.181517 -0.529501
0.183117 -0.532418
0.184721 -0.535330
0.186327 -0.538237
0.187936 -0.541139
0.189547 -0.544035
0.191162 -0.546926
0.192779 -0.549812
0.194399 -0.552694
0.196022 -0.555570
0.197647 -0.558441
0.199275 -0.561307
0.200906 -0.564168
0.202540 -0.567025
0.204177 -0.569877
0.205816 -0.572724
0.207458 -0.575566
0.209103 -0.578404
0.210750 -0.581237
0.212400 -0.584065
0.214053 -0.586889
0.215709 -0.589708
0.217367 -0.592523
0.219028 -0.595334
0.220692 -0.598140
0.222358 -0.600941
0.224027 -0.603738
0.225699 -0.606531
0.227373 -0.609320
0.229050 -0.612104
0.230730 -0.614885
0.232412 -0.617661
0.234098 -0.620432
0.235785 -0.623200
0.237476 -0.625964
0.239169 -0.628723
0.240865 -0.631479
0.242563 -0.634230
0.244264 -0.636978
0.245968 -0.639722
0.247674 -0.642461
0.249383 -0.645197
0.251095 -0.647929
0.252809 -0.650657
0.254526 -0.653382
0.256246 -0.656102
0.257968 -0.658819
0.259693 -0.661532
0.261420 -0.664241
0.263150 -0.666947
0.264883 -0.669649
0.266618 -0.672347
0.268356 -0.675042
0.270096 -0.677733
0.271840 -0.680421
0.273585 -0.683105
0.275334 -0.685786
0.277085 -0.688463
0.278838 -0.691136
0.280595 -0.693807
0.282353 -0.696473
0.284115 -0.699137
0.285879 -0.701797
0.287645 -0.704453
0.289415 -0.707107
0.291186 -0.709757
0.292961 -0.712403
0.294738 -0.715047
0.296517 -0.717687
0.298300 -0.720324
0.300084 -0.722958
0.301872 -0.725588
0.303662 -0.728216
0.305454 -0.730840
0.307249 -0.733461
0.309047 -0.736079
0.310847 -0.738694
0.312650 -0.741305
0.314456 -0.743914
0.316264 -0.746520
0.318075 -0.749122
0.319888 -0.751722
0.321704 -0.754319
0.323522 -0.756912
0.325343 -0.759503
0.327167 -0.762091
0.328993 -0.764676
0.330822 -0.767258
0.332653 -0.769837
0.334487 -0.772413
0.336324 -0.774986
0.338163 -0.777556
0.340004 -0.780124
0.341849 -0.782689
0.343696 -0.785251
0.345545 -0.787810
0.347397 -0.790366
0.349252 -0.792920
0.351109 -0.795471
0.352969 -0.798019
0.354831 -0.800565
0.356696 -0.803108
0.358563 -0.805648
0.360434 -0.808185
0.362306 -0.810720
0.364182 -0.813252
0.366059 -0.815782
0.367940 -0.818309
0.369823 -0.820833
0.371709 -0.823355
0.373597 -0.825874
0.375488 -0.828391
0.377381 -0.830905
0.379277 -0.833416
0.381176 -0.835925
0.383077 -0.838432
0.384981 -0.840936
0.386887 -0.843437
0.388796 -0.845937
0.390708 -0.848433
0.392622 -0.850927
0.394539 -0.853419
0.396458 -0.855908
0.398380 -0.858395
0.400305 -0.860880
0.402232 -0.863362
0.404162 -0.865842
0.406094 -0.868319
0.408029 -0.870794
0.409967 -0.873267
0.411907 -0.875737
0.413850 -0.878205
0.415796 -0.880671
0.417744 -0.883134
0.419695 -0.885595
0.421648 -0.888054
0.423604 -0.890511
0.425562 -0.892965
0.427524 -0.895417
0.429487 -0.897867
0.431454 -0.900315
0.433423 -0.902760
0.435395 -0.905203
0.437369 -0.907644
0.439346 -0.910083
0.441326 -0.912520
0.443308 -0.914954
0.445293 -0.917386
0.447280 -0.919817
0.449271 -0.922245
0.451263 -0.924671
0.453259 -0.927094
0.455257 -0.929516
0.457258 -0.931936
0.459261 -0.934353
0.461267 -0.936768
0.463276 -0.939182
0.465287 -0.941593
0.467302 -0.944002
0.469318 -0.946409
0.471338 -0.948814
0.473360 -0.951218
0.475384 -0.953619
0.477412 -0.956018
0.479442 -0.958415
0.481475 -0.960810
0.483510 -0.963203
0.485548 -0.965594
0.487589 -0.967983
0.489633 -0.970370
0.491679 -0.972755
0.493728 -0.975138
0.495779 -0.977520
0.497834 -0.979899
0.499891 -0.982277
0.501950 -0.984652
0.504013 -0.987026
0.506078 -0.989397
0.508146 -0.991767
0.510216 -0.994135
0.512290 -0.996501
0.514366 -0.998865
0.516444 -1.001228
0.518526 -1.003588
0.520610 -1.005947
0.522697 -1.008304
0.524786 -1.010658
0.526879 -1.013012
0.528974 -1.015363
0.531072 -1.017712
0.533172 -1.020060
0.535276 -1.022406
0.537382 -1.024750
0.539491 -1.027092
0.541602 -1.029433
0.543717 -1.031771
0.545834 -1.034108
0.547954 -1.036444
0.550077 -1.038777
0.552202 -1.041109
0.554331 -1.043439
0.556462 -1.045767
0.558596 -1.048094
0.560732 -1.050418
0.562872 -1.052741
0.565014 -1.055063
0.567159 -1.057382
0.569307 -1.059700
0.571458 -1.062017
0.573611 -1.064331
0.575767 -1.066644
0.577927 -1.068955
0.580089 -1.071265
0.582253 -1.073573
0.584421 -1.075879
0.586591 -1.078184
0.588765 -1.080487
0.590941 -1.082788
0.593120 -1.085088
0.595302 -1.087386
0.597487 -1.089683
0.599674 -1.091977
0.601865 -1.094271
0.604058 -1.096562
0.606254 -1.098852
0.608453 -1.101141
0.610655 -1.103428
0.612860 -1.105713
0.615068 -1.107997
0.617278 -1.110279
0.619492 -1.112560
0.621708 -1.114839
0.623928 -1.117116
0.626150 -1.119392
0.628375 -1.121667
0.630603 -1.123940
0.632834 -1.126211
0.635068 -1.128481
0.637305 -1.130749
0.639545 -1.133016
0.641788 -1.135281
0.644033 -1.137545
0.646282 -1.139807
0.648534 -1.142068
0.650788 -1.144327
0.653046 -1.146585
0.655307 -1.148841
0.657570 -1.151096
0.659837 -1.153349
0.662106 -1.155601
0.664379 -1.157852
0.666654 -1.160101
0.668933 -1.162348
0.671214 -1.164594
0.673499 -1.166839
0.675786 -1.169082
0.678077 -1.171324
0.680370 -1.173564
0.682667 -1.175803
0.684967 -1.178041
0.687269 -1.180277
0.689575 -1.182512
0.691884 -1.184745
0.694196 -1.186977
0.696511 -1.189207
0.698829 -1.191436
0.701150 -1.193664
0.703474 -1.195890
0.705802 -1.198115
0.708132 -1.200339
0.710466 -1.202561
0.712802 -1.204782
0.715142 -1.207001
0.717485 -1.209219
0.719831 -1.211436
0.722180 -1.213651
0.724532 -1.215865
0.726887 -1.218078
0.729246 -1.220289
0.731608 -1.222499
0.733972 -1.224708
0.736340 -1.226915
0.738712 -1.229121
0.741086 -1.231326
0.743463 -1.233529
0.745844 -1.235731
0.748228 -1.237932
0.750615 -1.240132
0.753006 -1.242330
0.755399 -1.244527
0.757796 -1.246722
0.760196 -1.248917
0.762599 -1.251110
0.765006 -1.253301
0.767415 -1.255492
0.769828 -1.257681
0.772245 -1.259869
0.774664 -1.262055
0.777087 -1.264241
0.779513 -1.266425
0.781943 -1.268608
0.784375 -1.270789
0.786811 -1.272970
0.789251 -1.275149
0.791693 -1.277327
0.794139 -1.279503
0.796588 -1.281679
0.799041 -1.283853
0.801497 -1.286026
0.803956 -1.288198
0.806419 -1.290368
0.808885 -1.292537
0.811354 -1.294706
0.813827 -1.296872
0.816303 -1.299038
0.818783 -1.301203
0.821266 -1.303366
0.823752 -1.305528
0.826242 -1.307689
0.828735 -1.309848
0.831232 -1.312007
0.833732 -1.314164
0.836236 -1.316320
0.838743 -1.318475
0.841253 -1.320629
0.843767 -1.322782
0.846285 -1.324933
0.848806 -1.327083
0.851330 -1.329233
0.853858 -1.331381
0.856390 -1.333527
0.858925 -1.335673
0.861463 -1.337818
0.864005 -1.339961
0.866551 -1.342103
0.869100 -1.344244
0.871653 -1.346384
0.874209 -1.348523
0.876769 -1.350661
0.879333 -1.352797
0.881900 -1.354933
0.884471 -1.357067
0.887045 -1.359200
0.889623 -1.361332
0.892205 -1.363463
0.894790 -1.365593
0.897379 -1.367722
0.899971 -1.369849
0.902568 -1.371976
0.905168 -1.374101
0.907771 -1.376226
0.910379 -1.378349
0.912990 -1.380471
0.915604 -1.382592
0.918223 -1.384712
0.920845 -1.386831
0.923471 -1.388949
0.926101 -1.391066
0.928734 -1.393182
0.931372 -1.395296
0.934013 -1.397410
0.936657 -1.399522
0.939306 -1.401634
0.941959 -1.403744
0.944615 -1.405853
0.947275 -1.407962
0.949939 -1.410069
0.952607 -1.412175
0.955279 -1.414280
0.957954 -1.416384
0.960634 -1.418487
0.963317 -1.420589
0.966005 -1.422690
0.968696 -1.424790
0.971391 -1.426889
0.974090 -1.428987
0.976793 -1.431084
0.979500 -1.433179
0.982211 -1.435274
0.984926 -1.437368
0.987645 -1.439461
0.990368 -1.441552
0.993095 -1.443643
0.995826 -1.445733
0.998561 -1.447821
1.001301 -1.449909
1.004044 -1.451996
1.006791 -1.454082
1.009542 -1.456166
1.012298 -1.458250
1.015058 -1.460333
1.017821 -1.462414
1.020589 -1.464495
1.023361 -1.466575
1.026137 -1.468654
1.028918 -1.470732
1.031702 -1.472808
1.034491 -1.474884
1.037284 -1.476959
1.040081 -1.479033
1.042882 -1.481106
1.045688 -1.483178
1.048498 -1.485249
1.051312 -1.487319
1.054131 -1.489388
1.056953 -1.491456
1.059780 -1.493523
1.062612 -1.495589
1.065447 -1.497655
1.068288 -1.499719
1.071132 -1.501782
1.073981 -1.503845
1.076834 -1.505906
1.079692 -1.507967
1.082554 -1.510026
1.085420 -1.512085
1.088291 -1.514143
1.091167 -1.516200
1.094046 -1.518255
1.096931 -1.520310
1.099820 -1.522364
1.102713 -1.524417
1.105611 -1.526470
1.108514 -1.528521
1.111421 -1.530571
1.114332 -1.532621
1.117248 -1.534669
1.120169 -1.536717
1.123095 -1.538763
1.126025 -1.540809
1.128960 -1.542854
1.131899 -1.544898
1.134843 -1.546941
1.137792 -1.548983
1.140745 -1.551024
1.143704 -1.553065
1.146667 -1.555104
1.149634 -1.557143
1.152607 -1.559181
1.155584 -1.561217
1.158566 -1.563253
1.161553 -1.565288
1.164545 -1.567323
1.167542 -1.569356
1.170544 -1.571388
1.173550 -1.573420
1.176561 -1.575450
1.179578 -1.577480
1.182599 -1.579509
1.185625 -1.581537
1.188657 -1.583564
1.191693 -1.585591
1.194734 -1.587616
1.197780 -1.589641
1.200832 -1.591664
1.203888 -1.593687
1.206950 -1.595709
1.210016 -1.597730
1.213088 -1.599751
1.216165 -1.601770
1.219247 -1.603789
1.222334 -1.605807
1.225427 -1.607824
1.228525 -1.609840
1.231627 -1.611855
1.234736 -1.613869
1.237849 -1.615883
1.240968 -1.617896
1.244092 -1.619907
1.247222 -1.621919
1.250356 -1.623929
1.253497 -1.625938
1.256642 -1.627947
1.259793 -1.629954
1.262950 -1.631961
1.266112 -1.633967
1.269279 -1.635973
1.272452 -1.637977
1.275630 -1.639981
1.278814 -1.641984
1.282004 -1.643986
1.285199 -1.645987
1.288400 -1.647987
1.291606 -1.649987
1.294819 -1.651986
1.298036 -1.653984
1.301260 -1.655981
1.304489 -1.657977
1.307724 -1.659973
1.310965 -1.661967
1.314211 -1.663961
1.317464 -1.665955
1.320722 -1.667947
1.323986 -1.669939
1.327256 -1.671929
1.330532 -1.673919
1.333814 -1.675909
1.337102 -1.677897
1.340396 -1.679885
1.343696 -1.681871
1.347002 -1.683858
1.350314 -1.685843
1.353632 -1.687827
1.356956 -1.689811
1.360287 -1.691794
1.363623 -1.693776
1.366966 -1.695758
1.370315 -1.697738
1.373670 -1.699718
1.377032 -1.701697
1.380400 -1.703676
1.383774 -1.705653
1.387155 -1.707630
1.390542 -1.709606
1.393935 -1.711581
1.397335 -1.713556
1.400741 -1.715530
1.404154 -1.717503
1.407574 -1.719475
1.411000 -1.721446
1.414432 -1.723417
1.417871 -1.725387
1.421317 -1.727356
1.424770 -1.729325
1.428229 -1.731293
1.431695 -1.733260
1.435168 -1.735226
1.438648 -1.737191
1.442134 -1.739156
1.445628 -1.741120
1.449128 -1.743083
1.452635 -1.745046
1.456149 -1.747008
1.459671 -1.748969
1.463199 -1.750929
1.466735 -1.752889
1.470277 -1.754848
1.473827 -1.756806
1.477384 -1.758763
1.480948 -1.760720
1.484519 -1.762676
1.488098 -1.764631
1.491684 -1.766586
1.495277 -1.768540
1.498878 -1.770493
1.502486 -1.772445
1.506102 -1.774397
1.509725 -1.776348
1.513356 -1.778298
1.516994 -1.780248
1.520640 -1.782197
1.524294 -1.784145
1.527955 -1.786092
1.531624 -1.788039
1.535301 -1.789985
1.538986 -1.791930
1.542678 -1.793875
1.546379 -1.795818
1.550087 -1.797762
1.553804 -1.799704
1.557528 -1.801646
1.561261 -1.803587
1.565002 -1.805527
1.568751 -1.807467
1.572508 -1.809406
1.576273 -1.811344
1.580047 -1.813282
1.583829 -1.815219
1.587619 -1.817155
1.591418 -1.819091
1.595226 -1.821026
1.599042 -1.822960
1.602866 -1.824893
1.606699 -1.826826
1.610541 -1.828758
1.614392 -1.830690
1.618251 -1.832620
1.622119 -1.834550
1.625997 -1.836480
1.629883 -1.838409
1.633778 -1.840337
1.637682 -1.842264
1.641595 -1.844191
1.645517 -1.846117
1.649449 -1.848042
1.653390 -1.849967
1.657340 -1.851891
1.661299 -1.853814
1.665268 -1.855737
1.669247 -1.857659
1.673235 -1.859580
1.677232 -1.861501
1.681239 -1.863421
1.685256 -1.865341
1.689283 -1.867259
1.693320 -1.869177
1.697366 -1.871095
1.701423 -1.873012
1.705489 -1.874928
1.709566 -1.876843
1.713652 -1.878758
1.717749 -1.880672
1.721857 -1.882586
1.725974 -1.884499
1.730102 -1.886411
1.734241 -1.888322
1.738390 -1.890233
1.742550 -1.892144
1.746720 -1.894053
1.750901 -1.895962
1.755094 -1.897871
1.759297 -1.899778
1.763511 -1.901686
1.767736 -1.903592
1.771972 -1.905498
1.776219 -1.907403
1.780478 -1.909308
1.784748 -1.911211
1.789030 -1.913115
1.793323 -1.915017
1.797628 -1.916919
1.801944 -1.918821
1.806273 -1.920722
1.810613 -1.922622
1.814965 -1.924521
1.819329 -1.926420
1.823705 -1.928318
1.828094 -1.930216
1.832495 -1.932113
1.836908 -1.934009
1.841334 -1.935905
1.845772 -1.937800
1.850223 -1.939695
1.854687 -1.941589
1.859163 -1.943482
1.863653 -1.945375
1.868156 -1.947267
1.872672 -1.949158
1.877201 -1.951049
1.881744 -1.952939
1.886300 -1.954829
1.890870 -1.956718
1.895453 -1.958607
1.900050 -1.960494
1.904662 -1.962382
1.909287 -1.964268
1.913926 -1.966154
1.918580 -1.968040
1.923248 -1.969924
1.927931 -1.971809
1.932628 -1.973692
1.937340 -1.975575
1.942067 -1.977458
1.946809 -1.979339
1.951566 -1.981221
1.956338 -1.983101
1.961126 -1.984981
1.965930 -1.986861
1.970749 -1.988739
1.975583 -1.990618
1.980434 -1.992495
1.985301 -1.994372
1.990184 -1.996249
1.995084 -1.998125
2.000000 -2.000000
