1   1.00518210529365746240
2   1.02115193571412802719
3   1.17179433049323188907
4   1.13818405511811023622
5   1.15553412707532887998
6   1.16444910631870437190
7   1.11094263371270102538
8   1.14596481028505551967
9   1.13289313197713434795
10   1.11324738670367666524
11   1.15780559314765155547
12   1.07044867581853020948
13   .78096892161574731183
14   .75763435881868629844
15   .74868329191588174930
16   .72838579502985613625
17   .69666196426509496006
18   .68450446610906895388
19   .68498358713626379050
20   .66455663467616803631
