1   .99956984138846480973
2   1.99805990132464800540
3   2.97961513675215941909
4   3.92923533564385175444
5   4.74634909848472046870
6   5.61682216292093705553
7   6.48881114063454621435
8   7.22523545091784861044
9   7.74293234644621199367
10   8.89836173338666180902
11   8.67191176632741947933
12   9.02989242287071742388
13   8.74199443221423692490
14   8.43997553208328750070
15   8.60689337802773372906
16   8.89784829753762240752
17   8.96568318980749982330
18   9.77189208061896839429
19   9.57381330765592845547
20   10.14168505319951462132
21   10.23604957778448787497
22   10.41482892553556365119
23   10.13819443012127712234
24   10.68620866294727173413
