1   .99571389692339824935
2   .99287851956008891121
3   .98142598341102139000
4   .94849762637145327321
5   .95191239505001536886
6   .92859596621394294618
7   .93232705744306363006
8   .93160712826446633355
9   .88303461375255107195
10   .87719714964370546318
11   .79949770246137990545
12   .78842079097766667802
13   .64620855883831662378
14   .59721213087496725848
15   .59909656722965562623
16   .57277868757559230507
17   .54389972888298545399
18   .53168009257319135532
19   .52578987896142647448
20   .50780156586496996865
